1
1000
1000000000
956023434
932441868
338608020
338253830
345706226
911606562
205792494
799436560
568465378
624476112
105241408
627021388
637655988
327818634
388106698
791189482
64821346
552370932
714565534
328063632
542330142
535959038
331295956
78874918
312099026
497661112
897791034
887408268
602127504
918024066
437132362
449513330
594701524
291694416
404232906
986573272
239245942
357810288
282853902
192011898
627986930
728703664
652519462
338667630
47005838
326572308
600134568
109805106
399565426
609391486
523312048
362920176
580344782
597681190
146261336
867486090
86340686
143846474
46597978
301274806
184216060
338944002
105361954
638347098
228857966
171662824
347501274
710905678
977008578
767589276
829079378
727695022
738501176
688954864
293102984
26917312
713278788
892433026
921603816
822452052
789178796
940400750
71544448
414813742
774787222
828739142
248717194
459280860
587052868
318306396
928549698
224375634
917710572
10288304
663074856
405269940
780709520
636451390
524230316
484291384
420285284
38043544
824794394
896011300
448235634
672884328
212906266
532940996
813913266
971549168
70800616
702681868
428631336
820066398
372622396
29872930
51871200
269351972
660142666
799676068
90636638
165120354
380706448
351743834
794959140
579832538
246528432
372478812
18823240
793180256
652806774
974562274
382977264
226353126
52533128
876157124
433036754
326492916
559654592
807121844
777429070
861788988
509540822
802293296
649482080
604451074
658213426
587299500
951789874
444649278
290900196
31530304
911815726
122026466
680877714
781878632
87166158
735158126
987643750
735351366
101431544
820747936
292387300
569478138
876827900
554608546
159946854
953370566
613018424
514967738
209911140
508890696
200974872
187741396
542923014
348054586
74088772
276819158
400419934
189695338
758842776
373348674
781379056
992531394
545272368
187194288
524562882
234146104
812068734
631527840
459686200
298658384
984671478
58647482
392194526
958288728
103841898
191018332
25085116
808068388
305629540
321656196
730565218
841890926
622087800
29586292
828846516
96398394
308516002
670233330
931933764
893684844
282774500
878112096
945717214
229762484
309235884
10005254
512798664
141491598
513625802
308127610
750850498
906358782
802682384
951833434
901098488
374971078
319472266
837878488
86838350
290172598
561705728
933535648
9792270
395675442
494232480
185724614
702350764
640090846
94256156
773595906
693033156
633350992
173848476
93996262
70067724
834664640
972618530
822233934
740435040
858893290
278386322
288561624
241487640
471442076
192312680
655481482
971057074
722258084
134664014
516286078
207632906
751358000
776970016
645119932
909394028
600783950
776160598
994934832
895831746
497560392
103431540
226499302
369213846
932882188
51952602
824939534
337982288
861020652
332160824
439133808
612922422
599703328
711193302
500127078
49552888
199484618
922121882
712255634
963934632
899724274
174291178
198366212
355627598
53658248
760962690
23952482
312105092
641223926
5639278
948264940
299763654
670172056
733759142
635325448
600097104
848510894
129751092
753985008
896813706
727548308
115936662
746708244
391998538
167709292
125183386
597266960
2088716
784102624
238022646
699070140
264924348
566657274
837957044
781919046
934582614
33136070
32460386
697584410
929571074
861993928
665813130
364621436
945878026
80857552
298976142
260579472
95066168
468701588
616901318
52237242
710769158
203670396
368915340
849929992
895701950
973607876
893010672
806008708
141614106
178831910
128159346
171652018
720269422
842670776
474641292
819985608
364920166
570831334
764476500
921505976
937236756
826618644
753953212
388325764
366479594
357104272
432751030
317755946
719073018
552497252
653176380
719870200
137739606
657146592
141448112
392401772
656644964
813653758
268432538
436105200
982028860
576719404
950122408
863367292
279419368
145606782
937857774
335812
948703142
869988958
293776570
880356988
340578672
186368864
781613838
485761992
390587832
706146124
96269462
56658964
919128902
419977218
50855316
146945038
130088376
61099480
487220668
210715406
998065046
20729028
185013008
503408344
972042828
800130068
182657310
854802894
301589184
128776080
942469700
690457626
369972186
450834722
257192222
838781210
718782328
517099106
97908016
249904808
240019320
452522770
822316628
69382172
397221302
535195484
980587212
967951890
426073316
397738106
155755494
335082770
7684098
233077452
230480898
653491348
589791848
34967924
250237090
458185236
751749800
5359006
85345942
596204392
73096274
280792624
233483984
518492744
63672320
788419036
686832064
542491822
887006164
147576292
138228202
740181162
563958756
374278800
333218484
640759944
179629942
541193304
614499136
503519446
264503944
53938826
183187720
32866414
366132832
804760692
574662314
116281534
857377240
852696370
630395722
100329096
19297816
636909140
862276594
636274776
538876250
453775924
496863986
535977780
531863724
668099180
146707244
387242516
577302090
759559264
981055384
995885368
725951948
6311244
163912070
977470112
632179254
51745542
74987430
760523940
89417454
175787002
24781102
906870216
955490082
184156602
289430722
771216282
274678198
970047062
505292706
29128900
509594638
356206904
748573478
438031038
945105890
701712498
904239850
445068772
768620512
883303382
218284100
389106064
580150020
435166958
651932066
597100674
250769882
380410288
70656030
212786856
524580242
449949034
291226520
967927642
895981568
141664184
238435046
759170480
573286308
982227028
737659818
784413918
374748322
130578552
549569736
591101476
786783126
76127452
788792922
729197718
481033658
346942762
482151052
972201588
779368922
336354384
831349396
20118256
669492996
758954572
613559800
45950848
84623260
700155712
390143334
251056024
198344810
240056022
384267842
400002328
325631040
293635744
621418036
626452726
328852610
415832010
426290948
288131024
366171454
3489502
291523122
226165434
325329216
677885342
968850734
640519604
247770870
515346724
130482942
762771106
643739052
329033922
325698146
153138888
551532228
519918240
388605448
4152806
816604668
317965254
7149462
737868198
56144762
311515418
907823778
341316282
96884192
977706232
77493964
746724840
944903090
146353540
570070020
722746866
169675300
761354880
425400978
914018456
644525650
599344122
430609418
705263692
247258554
12300686
997518274
292183636
299476786
565681012
853521146
501137006
544709918
921922864
912456608
461206672
736034718
98641484
789484506
499848842
311178310
781665968
594146154
70166794
913779746
717038082
572926806
17354740
829518918
962622960
337626764
995851218
750473616
748302062
936093812
373701502
655966334
294446016
946702290
324600628
183407840
261183500
476369520
713955956
841899326
14440766
918952884
767312864
79358068
78590346
790307458
27576312
859797712
914390084
736627236
947710894
90499860
418295552
690531962
230830098
177788768
974758510
247356242
987327678
102845626
730138788
929631746
80764144
832357636
490188124
998934580
185980842
482979472
354946992
473584076
24839350
755072144
15272398
351766872
852753086
562825638
451153172
194974574
92827322
440034280
996393874
572766892
341853090
161869676
81839930
517251586
617038106
75265502
812322324
409930888
706336286
254979136
349596022
573270712
900829760
41559212
630654384
642104516
868126574
867325314
598083484
118393984
572153562
838484130
762989656
87667612
453510962
984762992
972403902
289144554
955635528
922500700
248105692
507434040
818885976
369354542
43152446
61676690
429386760
665689312
333793336
419237676
878107836
244994824
45361028
12013670
65615636
25724728
33323458
832728814
616594514
627133942
11599412
202512942
408996758
303341958
174717644
395199836
682626216
237165098
711571530
109347706
559824642
659323694
215865326
563199242
647439100
732397846
172563668
63308760
82718254
415784280
609279448
569479554
413654586
832712652
262136880
429909638
9516648
374656416
144652434
633166436
388606994
87457598
563968628
863486950
367183590
169244288
727260402
824843272
934541206
897374394
146732118
869733536
679186220
784989898
366765822
865082650
255624
733499588
63192782
11181216
731998458
162953540
873501602
826440952
398902856
321177982
260580722
199635972
671229732
180410686
503901890
47092752
111880096
737116816
240170910
195022658
255956606
865084686
873899942
874914796
537606844
752017676
520283334
841014560
285654228
888632236
199266592
814662190
384291594
34110012
87820968
250142846
1597686
887569730
381013718
373368506
22822598
851245778
611374844
801556072
435226386
238312188
720394180
246954024
726899544
690589332
635625456
387966650
474594952
45724326
732063394
852447420
14234980
473308714
988228702
976320104
362192518
636605298
94866436
302356322
122692038
537611162
611396318
17404322
391788680
266923094
178676004
762334194
535856122
994596858
770961006
68419932
992520630
800388752
578524394
775099802
410760500
145565548
348954652
161454720
291646998
503538940
379027284
420042094
237371672
378852110
383969180
965072432
339727218
28772964
790930422
63576476
900051040
954200746
546215370
635952532
711021716
775525514
217834824
644862598
618238472
91566896
500259502
854466516
911871646
822891162
476507746
693899100
986746380
237602630
7615282
58361972
434182528
383869202
951469662
187770062
28498048
718306762
97393848
867541580
842092216
186390564
532628646
993690320
900656260
668625598
601730302
141400672
886386718
762953018
441757256
397637770
343985568
61175274
738108516
914159066
24886020
656683888
618013010
875620696
288320312
83510470
939940442
121582690
922696572
653016486
532546216
626529564
686918700
181343900
602841678
7105870
58172572
479206854
93579962
430796740
844306580
329085442
586412030
390822742
215845588
645948104
274485764
442641910
247162978
704811020
249042608
982302136
49152290
339203084
357294228
245110164
752561354
689895326
322203024
434008924
644009814
165361292
397710132
853090896
375771848
609509486
2000
1 365 988
1 654 845
2 734 779
2 64 428
3 626 407
3 654 975
4 891 128
4 206 947
5 498 36
5 58 754
6 902 36
6 977 520
7 117 42
7 810 340
8 765 336
8 713 637
9 501 842
9 756 929
10 490 977
10 683 966
11 367 817
11 384 914
12 410 981
12 738 274
13 872 699
13 388 701
14 364 976
14 841 403
15 601 243
15 685 211
16 115 419
16 249 462
17 770 504
17 514 755
18 798 269
18 301 470
19 727 811
19 153 889
20 211 362
20 935 719
21 337 288
21 679 606
22 76 909
22 697 137
23 164 440
23 412 303
24 701 233
24 95 826
25 14 721
25 30 318
26 253 855
26 640 908
27 802 310
27 738 57
28 404 772
28 66 52
29 340 979
29 978 972
30 504 945
30 207 62
31 27 572
31 770 775
32 200 63
32 75 959
33 198 518
33 749 356
34 178 337
34 757 53
35 350 100
35 886 314
36 813 931
36 105 573
37 236 806
37 156 837
38 53 97
38 431 698
39 406 86
39 152 492
40 590 63
40 352 355
41 433 565
41 91 325
42 530 602
42 329 468
43 460 457
43 331 862
44 938 58
44 784 622
45 28 156
45 505 986
46 36 846
46 357 904
47 122 384
47 790 1
48 991 707
48 251 958
49 783 834
49 387 674
50 686 884
50 298 285
51 580 810
51 690 38
52 154 613
52 248 646
53 896 726
53 961 115
54 932 255
54 95 822
55 872 949
55 388 186
56 125 891
56 532 19
57 745 944
57 748 842
58 937 932
58 586 461
59 670 320
59 969 754
60 473 170
60 95 771
61 35 366
61 569 183
62 430 871
62 611 644
63 670 301
63 579 898
64 281 974
64 8 666
65 875 215
65 887 552
66 316 430
66 324 76
67 847 652
67 548 394
68 105 378
68 267 249
69 331 840
69 615 261
70 177 46
70 952 728
71 724 301
71 452 486
72 368 461
72 451 245
73 642 476
73 666 634
74 126 799
74 170 728
75 38 910
75 641 879
76 967 512
76 606 594
77 657 818
77 700 804
78 492 136
78 363 374
79 762 593
79 494 818
80 292 304
80 633 322
81 56 410
81 472 250
82 426 427
82 562 596
83 78 385
83 781 909
84 242 941
84 185 42
85 927 660
85 370 544
86 464 327
86 726 437
87 243 154
87 270 304
88 368 470
88 97 344
89 792 44
89 218 694
90 712 288
90 311 984
91 17 37
91 927 410
92 66 149
92 126 51
93 867 285
93 666 795
94 996 405
94 250 346
95 697 6
95 750 539
96 857 573
96 809 955
97 372 629
97 864 67
98 161 718
98 238 312
99 988 276
99 767 636
100 664 197
100 650 588
101 238 721
101 657 857
102 204 227
102 695 744
103 883 499
103 195 485
104 602 825
104 437 439
105 12 467
105 814 250
106 358 67
106 192 453
107 261 441
107 797 445
108 49 894
108 987 182
109 249 449
109 263 323
110 684 845
110 899 978
111 552 154
111 584 337
112 985 328
112 802 470
113 105 545
113 409 833
114 533 824
114 148 250
115 128 155
115 689 863
116 45 19
116 273 126
117 301 970
117 936 561
118 895 146
118 821 510
119 544 67
119 199 331
120 754 521
120 507 258
121 280 179
121 916 520
122 513 675
122 836 69
123 140 672
123 765 306
124 906 302
124 732 21
125 50 894
125 995 876
126 751 35
126 254 118
127 738 8
127 954 788
128 190 814
128 366 222
129 505 788
129 415 120
130 136 556
130 188 588
131 686 107
131 939 212
132 822 490
132 954 325
133 566 273
133 50 419
134 678 19
134 690 502
135 520 73
135 83 200
136 110 3
136 311 853
137 317 860
137 984 178
138 201 170
138 478 705
139 808 621
139 599 97
140 510 290
140 168 793
141 410 563
141 318 505
142 751 77
142 433 554
143 275 163
143 435 599
144 580 549
144 740 81
145 322 84
145 995 1
146 900 834
146 800 536
147 374 483
147 538 850
148 363 162
148 953 335
149 899 890
149 508 535
150 186 365
150 216 579
151 257 22
151 328 712
152 590 999
152 994 786
153 150 607
153 724 493
154 517 127
154 122 659
155 344 17
155 288 801
156 880 311
156 434 886
157 308 723
157 808 544
158 859 70
158 424 610
159 80 187
159 724 11
160 607 79
160 732 406
161 295 386
161 150 10
162 442 585
162 118 583
163 971 904
163 388 8
164 511 993
164 67 603
165 358 370
165 833 250
166 207 874
166 37 432
167 594 824
167 842 931
168 469 445
168 296 704
169 822 312
169 96 454
170 742 840
170 940 30
171 199 5
171 528 218
172 538 395
172 543 639
173 991 613
173 401 955
174 443 303
174 910 674
175 869 167
175 260 62
176 372 757
176 971 408
177 148 529
177 961 585
178 407 290
178 654 90
179 713 160
179 187 668
180 410 64
180 948 792
181 145 474
181 204 430
182 677 82
182 65 422
183 68 659
183 670 200
184 343 523
184 249 626
185 376 246
185 115 809
186 320 25
186 182 462
187 828 120
187 41 816
188 192 706
188 837 682
189 58 974
189 465 823
190 139 705
190 138 463
191 275 484
191 875 825
192 837 966
192 491 201
193 579 693
193 180 652
194 996 495
194 778 517
195 800 582
195 646 593
196 559 809
196 521 80
197 138 874
197 236 45
198 634 705
198 126 129
199 99 715
199 635 37
200 20 999
200 559 281
201 895 388
201 757 921
202 837 748
202 230 835
203 863 53
203 181 115
204 109 418
204 573 37
205 419 491
205 38 350
206 558 750
206 463 766
207 455 587
207 516 894
208 392 12
208 592 48
209 888 466
209 349 2
210 612 355
210 1000 964
211 493 699
211 767 173
212 708 830
212 810 105
213 294 691
213 781 265
214 658 152
214 514 554
215 51 809
215 349 660
216 954 871
216 878 648
217 165 269
217 930 918
218 403 347
218 611 716
219 946 49
219 741 182
220 38 321
220 457 913
221 277 752
221 686 649
222 417 776
222 944 757
223 724 24
223 483 175
224 598 933
224 304 503
225 470 378
225 162 875
226 6 206
226 102 489
227 245 704
227 108 136
228 450 539
228 704 107
229 296 707
229 650 502
230 195 475
230 332 723
231 622 610
231 650 625
232 260 294
232 847 31
233 7 420
233 250 68
234 948 579
234 274 767
235 467 24
235 70 982
236 757 833
236 106 679
237 129 338
237 893 2
238 474 177
238 2 976
239 195 403
239 912 449
240 468 79
240 269 930
241 346 793
241 785 438
242 445 335
242 309 756
243 376 456
243 69 615
244 170 867
244 865 552
245 709 818
245 169 868
246 629 8
246 793 555
247 548 835
247 164 456
248 753 398
248 861 815
249 25 114
249 159 449
250 792 690
250 368 678
251 37 423
251 853 490
252 296 289
252 876 443
253 396 180
253 905 751
254 965 705
254 750 748
255 423 152
255 953 291
256 958 651
256 378 664
257 564 721
257 670 745
258 267 317
258 840 304
259 436 867
259 192 880
260 375 843
260 333 818
261 103 231
261 240 307
262 434 179
262 5 682
263 753 77
263 814 723
264 868 980
264 978 507
265 946 78
265 82 886
266 835 142
266 683 344
267 717 23
267 786 342
268 359 621
268 897 717
269 887 620
269 409 722
270 835 672
270 603 458
271 329 432
271 615 628
272 52 96
272 554 401
273 280 679
273 417 578
274 676 251
274 945 959
275 164 817
275 718 835
276 622 87
276 742 23
277 561 404
277 600 318
278 421 155
278 616 36
279 645 929
279 344 926
280 102 706
280 620 146
281 14 888
281 105 585
282 869 307
282 136 941
283 799 125
283 326 277
284 187 281
284 222 782
285 200 599
285 525 438
286 588 848
286 68 937
287 986 577
287 371 258
288 462 987
288 15 354
289 236 214
289 18 412
290 315 590
290 755 509
291 642 398
291 62 570
292 174 988
292 962 628
293 491 493
293 408 544
294 908 971
294 849 518
295 15 838
295 243 758
296 567 161
296 237 225
297 201 77
297 134 957
298 416 147
298 997 568
299 620 168
299 993 988
300 307 239
300 390 921
301 652 448
301 415 91
302 480 922
302 265 233
303 465 375
303 11 270
304 128 616
304 632 533
305 559 688
305 21 782
306 921 761
306 173 199
307 534 505
307 356 791
308 861 306
308 411 576
309 880 141
309 992 366
310 876 43
310 502 269
311 577 250
311 482 11
312 389 300
312 928 958
313 72 737
313 307 19
314 589 796
314 606 9
315 693 813
315 260 803
316 669 368
316 753 628
317 41 748
317 383 458
318 701 622
318 20 951
319 443 544
319 732 468
320 230 644
320 676 296
321 95 16
321 276 956
322 320 573
322 390 716
323 50 347
323 707 963
324 452 814
324 173 655
325 840 752
325 915 560
326 848 120
326 461 670
327 718 915
327 817 978
328 803 329
328 428 261
329 191 672
329 891 848
330 170 850
330 340 157
331 627 829
331 989 902
332 584 282
332 586 664
333 456 413
333 592 284
334 738 54
334 559 556
335 901 140
335 47 152
336 186 191
336 662 783
337 866 509
337 404 231
338 227 195
338 326 392
339 862 318
339 693 968
340 943 362
340 908 352
341 373 114
341 662 522
342 376 70
342 832 688
343 113 253
343 73 781
344 976 515
344 466 191
345 270 983
345 481 928
346 672 124
346 229 987
347 479 176
347 534 581
348 425 231
348 381 445
349 683 150
349 12 692
350 945 207
350 128 634
351 265 977
351 382 842
352 54 139
352 338 371
353 781 327
353 759 789
354 568 466
354 864 910
355 88 187
355 334 96
356 203 47
356 191 978
357 361 492
357 578 333
358 217 798
358 870 464
359 570 279
359 19 769
360 374 910
360 191 192
361 488 576
361 722 68
362 514 495
362 960 796
363 406 674
363 564 422
364 746 228
364 758 905
365 723 988
365 697 736
366 630 940
366 763 58
367 739 812
367 490 582
368 816 962
368 458 371
369 349 391
369 883 621
370 891 398
370 512 500
371 489 388
371 20 528
372 452 534
372 665 513
373 318 409
373 799 349
374 827 745
374 674 270
375 453 332
375 471 459
376 240 113
376 366 758
377 427 296
377 971 604
378 120 47
378 90 71
379 663 475
379 772 276
380 878 83
380 806 532
381 159 316
381 266 908
382 217 890
382 169 154
383 670 777
383 763 901
384 833 746
384 913 683
385 553 232
385 482 711
386 464 642
386 485 892
387 103 735
387 846 742
388 239 422
388 596 313
389 93 349
389 20 280
390 279 709
390 273 256
391 808 763
391 756 385
392 6 303
392 213 421
393 28 490
393 790 148
394 812 393
394 203 567
395 945 480
395 122 373
396 700 807
396 182 738
397 769 712
397 662 305
398 636 731
398 987 391
399 935 789
399 704 223
400 785 674
400 92 731
401 791 374
401 536 327
402 444 788
402 114 339
403 3 563
403 115 363
404 331 744
404 720 51
405 622 984
405 917 439
406 47 562
406 591 101
407 512 540
407 937 253
408 138 419
408 532 440
409 128 962
409 156 915
410 450 484
410 189 536
411 378 279
411 95 611
412 224 848
412 136 365
413 62 525
413 291 152
414 505 644
414 294 245
415 157 123
415 564 76
416 531 884
416 476 726
417 386 399
417 640 793
418 422 777
418 160 883
419 442 880
419 607 838
420 619 856
420 608 12
421 93 431
421 905 1000
422 788 208
422 489 323
423 809 35
423 685 909
424 802 46
424 618 468
425 680 927
425 932 296
426 337 236
426 983 516
427 984 377
427 82 122
428 879 470
428 726 646
429 37 919
429 253 777
430 671 910
430 399 756
431 780 298
431 34 338
432 591 200
432 176 273
433 599 980
433 443 895
434 913 825
434 421 249
435 52 806
435 814 812
436 275 538
436 309 219
437 435 936
437 431 756
438 335 872
438 906 358
439 940 315
439 756 614
440 59 606
440 610 21
441 122 586
441 964 523
442 518 410
442 71 559
443 985 979
443 708 995
444 61 637
444 254 186
445 494 964
445 135 205
446 203 473
446 38 812
447 292 192
447 668 857
448 882 244
448 471 62
449 434 417
449 178 695
450 48 144
450 218 110
451 974 674
451 642 95
452 698 221
452 985 390
453 886 766
453 464 184
454 460 126
454 7 567
455 37 227
455 398 554
456 521 909
456 818 361
457 755 567
457 887 659
458 67 582
458 187 648
459 1000 667
459 371 476
460 529 729
460 993 999
461 123 889
461 552 772
462 149 975
462 813 16
463 810 402
463 305 24
464 316 674
464 244 439
465 730 836
465 25 60
466 398 378
466 364 922
467 655 369
467 203 654
468 131 723
468 486 651
469 543 60
469 792 180
470 108 401
470 380 755
471 278 999
471 186 740
472 358 360
472 813 126
473 760 964
473 170 778
474 558 787
474 697 343
475 30 449
475 448 817
476 879 995
476 1000 352
477 81 294
477 955 966
478 713 492
478 240 516
479 200 150
479 926 365
480 846 272
480 709 174
481 139 909
481 319 903
482 274 793
482 822 496
483 484 97
483 883 115
484 265 861
484 84 818
485 984 66
485 685 747
486 262 78
486 73 558
487 36 113
487 946 469
488 239 80
488 75 769
489 974 423
489 1 657
490 426 795
490 764 195
491 155 823
491 884 474
492 94 898
492 626 16
493 600 665
493 716 366
494 315 112
494 14 752
495 296 511
495 497 246
496 550 78
496 569 343
497 817 317
497 697 863
498 854 254
498 868 821
499 933 155
499 11 139
500 531 2
500 149 699
501 516 209
501 543 667
502 839 664
502 826 401
503 620 742
503 34 563
504 947 716
504 521 820
505 856 380
505 837 719
506 739 607
506 924 39
507 898 141
507 210 67
508 247 644
508 390 792
509 985 632
509 358 660
510 830 777
510 785 375
511 713 740
511 163 198
512 65 852
512 169 795
513 132 221
513 103 9
514 570 924
514 914 790
515 876 194
515 91 497
516 588 629
516 46 333
517 27 865
517 967 578
518 47 256
518 505 785
519 473 820
519 144 35
520 970 104
520 146 342
521 801 762
521 435 653
522 929 111
522 776 719
523 443 887
523 372 299
524 115 214
524 249 708
525 646 669
525 878 922
526 83 219
526 245 508
527 651 512
527 789 857
528 882 284
528 487 557
529 278 700
529 111 797
530 444 726
530 420 393
531 421 652
531 534 207
532 806 394
532 172 960
533 441 686
533 278 366
534 574 781
534 963 557
535 933 447
535 137 633
536 910 394
536 939 581
537 870 131
537 797 135
538 292 80
538 834 159
539 843 703
539 185 129
540 328 297
540 24 537
541 577 884
541 56 430
542 234 360
542 406 636
543 317 146
543 282 889
544 828 46
544 366 526
545 529 1000
545 132 169
546 881 345
546 391 898
547 49 657
547 57 206
548 621 107
548 780 49
549 215 57
549 717 355
550 636 874
550 191 91
551 312 912
551 835 125
552 126 432
552 125 294
553 744 242
553 412 621
554 793 160
554 300 587
555 902 687
555 990 419
556 543 205
556 24 877
557 999 909
557 95 463
558 113 883
558 675 395
559 518 412
559 75 980
560 194 953
560 46 812
561 188 150
561 746 995
562 740 580
562 817 738
563 834 939
563 259 735
564 492 397
564 903 540
565 354 416
565 160 710
566 814 121
566 398 842
567 334 144
567 845 800
568 372 976
568 424 520
569 320 101
569 838 130
570 31 195
570 732 532
571 546 936
571 215 158
572 361 432
572 765 480
573 88 139
573 660 741
574 690 159
574 433 701
575 823 706
575 616 858
576 863 70
576 697 496
577 634 879
577 757 630
578 243 867
578 255 641
579 263 868
579 911 453
580 647 50
580 693 993
581 241 183
581 25 851
582 573 672
582 910 222
583 695 435
583 22 534
584 545 619
584 510 67
585 876 172
585 519 88
586 873 321
586 417 563
587 854 449
587 353 926
588 827 483
588 62 769
589 536 387
589 168 374
590 981 204
590 593 166
591 289 177
591 463 714
592 627 565
592 122 403
593 767 912
593 221 588
594 770 658
594 447 234
595 39 882
595 925 454
596 107 572
596 72 292
597 799 134
597 30 198
598 893 203
598 892 619
599 432 625
599 459 102
600 742 962
600 861 723
601 473 980
601 496 811
602 291 138
602 775 263
603 736 52
603 827 409
604 81 517
604 904 516
605 806 939
605 797 341
606 897 896
606 658 139
607 667 685
607 498 601
608 883 314
608 592 741
609 195 692
609 906 755
610 505 390
610 141 94
611 428 324
611 469 59
612 449 745
612 839 415
613 263 671
613 963 974
614 738 469
614 242 751
615 454 952
615 238 419
616 476 495
616 643 566
617 785 205
617 744 64
618 570 280
618 561 549
619 559 24
619 734 98
620 701 84
620 354 579
621 667 801
621 277 794
622 115 230
622 324 799
623 705 142
623 766 183
624 258 605
624 408 148
625 835 825
625 542 538
626 68 144
626 347 396
627 40 25
627 116 799
628 523 613
628 49 327
629 124 780
629 804 360
630 717 889
630 873 491
631 876 783
631 843 354
632 481 307
632 470 460
633 116 653
633 841 53
634 565 452
634 189 331
635 657 275
635 467 858
636 55 785
636 162 58
637 468 785
637 411 648
638 752 746
638 575 194
639 24 726
639 703 728
640 77 637
640 356 484
641 232 358
641 594 508
642 257 127
642 838 995
643 737 935
643 858 529
644 277 891
644 624 126
645 863 884
645 330 843
646 240 820
646 396 641
647 905 208
647 432 895
648 138 94
648 240 196
649 688 659
649 964 434
650 837 563
650 899 966
651 323 892
651 321 712
652 943 609
652 284 43
653 432 36
653 125 802
654 841 186
654 985 407
655 42 111
655 509 682
656 46 480
656 190 900
657 95 949
657 646 97
658 715 425
658 708 799
659 301 607
659 614 38
660 987 62
660 458 905
661 260 473
661 643 316
662 444 501
662 34 258
663 657 708
663 197 88
664 976 496
664 938 898
665 50 177
665 979 765
666 932 105
666 336 297
667 817 809
667 725 873
668 950 635
668 397 505
669 123 144
669 656 54
670 273 11
670 933 611
671 695 24
671 980 155
672 768 174
672 928 97
673 983 489
673 751 562
674 237 829
674 803 972
675 625 553
675 898 568
676 11 765
676 840 810
677 297 951
677 241 449
678 736 751
678 792 494
679 637 88
679 856 863
680 867 736
680 14 914
681 114 866
681 124 21
682 86 422
682 200 305
683 656 897
683 610 956
684 574 307
684 337 733
685 871 525
685 256 400
686 639 737
686 23 94
687 487 8
687 658 386
688 932 720
688 716 55
689 557 700
689 448 45
690 329 74
690 482 392
691 36 269
691 257 734
692 872 94
692 84 801
693 935 849
693 313 747
694 315 542
694 329 452
695 388 215
695 41 935
696 393 235
696 898 171
697 303 106
697 442 5
698 748 319
698 170 890
699 384 983
699 142 453
700 26 856
700 720 255
701 385 398
701 160 433
702 661 537
702 792 500
703 548 788
703 414 342
704 520 202
704 955 839
705 766 759
705 903 838
706 120 42
706 657 572
707 318 472
707 878 751
708 799 904
708 349 664
709 248 29
709 753 995
710 436 349
710 393 733
711 581 279
711 882 764
712 442 352
712 750 837
713 945 945
713 519 253
714 504 345
714 279 586
715 10 771
715 15 533
716 413 438
716 168 487
717 911 479
717 647 788
718 773 59
718 921 646
719 275 872
719 345 12
720 503 149
720 913 751
721 232 690
721 314 592
722 188 786
722 495 914
723 874 554
723 230 574
724 959 777
724 195 215
725 419 902
725 718 732
726 159 869
726 741 943
727 235 176
727 111 746
728 788 155
728 289 514
729 547 314
729 377 499
730 268 403
730 605 557
731 894 822
731 555 358
732 421 425
732 989 737
733 691 569
733 167 462
734 798 79
734 13 910
735 667 694
735 410 319
736 861 71
736 170 646
737 62 834
737 856 809
738 63 288
738 357 274
739 725 391
739 924 880
740 759 363
740 82 832
741 150 758
741 441 616
742 600 321
742 768 949
743 298 85
743 189 931
744 37 529
744 617 144
745 486 509
745 770 642
746 959 481
746 575 748
747 687 252
747 135 161
748 323 671
748 484 67
749 983 155
749 812 60
750 57 601
750 228 306
751 774 368
751 951 717
752 847 260
752 976 508
753 782 143
753 921 686
754 939 510
754 558 123
755 636 43
755 372 45
756 376 999
756 915 1
757 26 716
757 626 101
758 184 615
758 703 793
759 388 382
759 177 136
760 216 600
760 491 212
761 47 794
761 64 507
762 686 663
762 424 504
763 489 595
763 526 579
764 8 602
764 730 526
765 518 242
765 359 962
766 289 163
766 572 424
767 337 879
767 76 202
768 714 53
768 46 719
769 410 632
769 800 891
770 579 208
770 195 48
771 396 566
771 273 55
772 800 288
772 595 32
773 178 122
773 26 311
774 283 673
774 377 285
775 82 433
775 333 690
776 788 228
776 107 262
777 70 760
777 103 51
778 252 752
778 911 780
779 945 223
779 360 564
780 859 262
780 521 984
781 159 325
781 393 382
782 741 241
782 688 512
783 9 297
783 428 748
784 431 205
784 223 317
785 668 179
785 419 903
786 351 558
786 639 576
787 681 110
787 761 73
788 34 709
788 170 707
789 965 336
789 128 191
790 494 399
790 42 943
791 109 774
791 757 1
792 498 22
792 760 208
793 218 793
793 139 522
794 128 672
794 833 140
795 486 449
795 148 976
796 955 774
796 780 311
797 786 703
797 902 368
798 646 655
798 515 500
799 344 432
799 91 583
800 198 15
800 912 543
801 168 492
801 421 863
802 925 509
802 993 792
803 422 45
803 610 265
804 106 383
804 17 744
805 261 64
805 823 668
806 336 980
806 542 240
807 644 700
807 59 175
808 635 727
808 866 872
809 777 890
809 62 177
810 53 572
810 360 99
811 220 869
811 678 770
812 416 938
812 465 966
813 61 56
813 927 118
814 344 88
814 404 328
815 636 12
815 447 112
816 105 390
816 230 208
817 177 672
817 699 363
818 857 541
818 20 167
819 393 964
819 716 724
820 26 726
820 955 841
821 372 935
821 807 233
822 597 835
822 426 9
823 232 956
823 131 861
824 998 845
824 543 350
825 557 791
825 173 427
826 753 703
826 133 340
827 988 510
827 900 514
828 88 301
828 40 188
829 864 938
829 213 992
830 58 141
830 998 192
831 84 704
831 148 810
832 252 247
832 232 906
833 17 797
833 785 351
834 306 345
834 910 749
835 703 710
835 858 350
836 271 90
836 277 499
837 148 947
837 737 949
838 815 241
838 498 28
839 275 218
839 446 898
840 72 11
840 592 469
841 2 614
841 716 763
842 910 959
842 546 17
843 620 700
843 893 669
844 490 561
844 10 679
845 630 916
845 444 759
846 348 953
846 807 851
847 836 279
847 105 758
848 208 23
848 698 631
849 938 193
849 440 505
850 423 633
850 269 389
851 940 261
851 712 182
852 242 928
852 948 535
853 614 177
853 145 801
854 350 625
854 35 851
855 344 404
855 816 724
856 445 674
856 365 796
857 263 220
857 526 393
858 115 670
858 571 260
859 180 997
859 220 196
860 893 986
860 157 211
861 787 960
861 543 884
862 63 275
862 382 549
863 302 327
863 956 302
864 610 608
864 480 578
865 300 800
865 291 326
866 60 904
866 973 730
867 564 879
867 87 130
868 810 163
868 685 939
869 64 566
869 975 642
870 338 869
870 983 31
871 30 272
871 110 847
872 174 554
872 916 498
873 949 44
873 80 130
874 91 429
874 668 524
875 145 329
875 280 293
876 786 324
876 274 468
877 309 863
877 787 154
878 658 838
878 723 845
879 741 703
879 739 775
880 249 923
880 289 938
881 764 556
881 427 727
882 530 556
882 49 836
883 336 978
883 706 3
884 493 36
884 528 700
885 72 810
885 964 800
886 403 484
886 784 829
887 179 989
887 492 539
888 384 444
888 963 44
889 783 890
889 148 512
890 1 342
890 646 183
891 365 556
891 578 903
892 397 638
892 415 919
893 493 89
893 215 559
894 952 678
894 111 74
895 294 546
895 470 156
896 227 26
896 60 360
897 870 281
897 187 131
898 160 358
898 481 492
899 676 841
899 213 959
900 359 263
900 270 238
901 364 781
901 190 493
902 850 986
902 1 515
903 909 695
903 919 266
904 865 547
904 893 275
905 210 576
905 193 679
906 698 200
906 166 826
907 262 831
907 5 240
908 539 724
908 35 117
909 575 417
909 561 27
910 173 722
910 576 214
911 581 618
911 203 857
912 416 603
912 410 663
913 460 403
913 488 51
914 684 609
914 539 19
915 385 817
915 999 72
916 620 904
916 689 189
917 244 510
917 459 875
918 228 591
918 929 416
919 95 888
919 152 264
920 928 549
920 863 459
921 85 857
921 112 374
922 924 720
922 667 258
923 679 472
923 342 560
924 927 887
924 402 98
925 907 756
925 162 474
926 660 660
926 605 608
927 528 572
927 191 894
928 342 548
928 846 917
929 726 697
929 654 622
930 41 295
930 37 632
931 678 816
931 906 828
932 414 446
932 230 849
933 338 554
933 888 8
934 753 220
934 649 139
935 885 740
935 929 123
936 269 621
936 974 171
937 589 351
937 125 717
938 624 23
938 958 289
939 445 288
939 311 494
940 81 661
940 937 643
941 263 859
941 919 519
942 200 394
942 214 986
943 674 537
943 42 659
944 273 37
944 207 208
945 614 364
945 699 563
946 950 961
946 651 224
947 588 831
947 895 326
948 558 37
948 798 693
949 215 797
949 721 267
950 361 75
950 925 854
951 536 74
951 128 857
952 367 497
952 527 663
953 204 294
953 339 839
954 981 433
954 446 642
955 930 5
955 297 472
956 208 124
956 787 566
957 549 658
957 556 73
958 732 210
958 635 409
959 240 148
959 497 886
960 861 333
960 587 985
961 471 455
961 83 95
962 968 943
962 531 456
963 285 629
963 671 544
964 73 874
964 140 270
965 257 413
965 489 560
966 371 253
966 721 329
967 408 803
967 72 803
968 540 657
968 534 556
969 371 235
969 583 916
970 44 600
970 146 844
971 652 723
971 703 974
972 21 274
972 990 53
973 993 370
973 250 679
974 807 680
974 735 285
975 396 496
975 856 173
976 285 904
976 396 551
977 787 812
977 911 464
978 407 793
978 666 301
979 500 611
979 530 26
980 136 982
980 207 407
981 492 101
981 804 767
982 34 998
982 357 762
983 437 913
983 102 509
984 18 532
984 829 914
985 320 528
985 993 623
986 180 851
986 385 572
987 519 363
987 915 889
988 619 298
988 396 148
989 63 635
989 245 755
990 20 794
990 40 337
991 762 358
991 806 556
992 132 521
992 749 572
993 255 960
993 862 252
994 656 408
994 360 746
995 698 641
995 862 720
996 334 75
996 464 646
997 128 265
997 508 230
998 435 301
998 461 984
999 855 885
999 490 865
1000 162 868
1000 274 47
